 Molecular Dynamics Program

 Number Of Particles   :          100
 Boxlength             :    5.0000000000000000     
 Density               :   0.80000000000000004     
 Temperature           :   0.50000000000000000     
 Cut-Off Radius        :    2.4999500000000001     
 Cut-Off Energy        :   -1.6318841245411584E-002
 Number Of Steps       :        50000
 Number Of Init Steps  :         5000
 Delta t               :    1.0000000000000000E-003
 Initial Energy        :    245316.72400150794     
 Final Energy          :   -240.12996283930053     

 Momentum X-Dir.        :   -4.6262993436130273E-013
 Momentum Y-Dir.        :    1.0137446437852304E-012
 Momentum Z-Dir.        :    1.2775891455873989E-013


 Step  TotalEnergy  KineticEnergy  PotentialEnergy  Temperature  Pressure

 5050  -0.44176E+03   0.79640E+02  -0.52140E+03   0.53629E+00  -0.10786E+01
 5100  -0.44176E+03   0.70173E+02  -0.51194E+03   0.47254E+00  -0.76608E+00
 5150  -0.44176E+03   0.75324E+02  -0.51709E+03   0.50723E+00  -0.10456E+01
 5200  -0.44176E+03   0.88105E+02  -0.52987E+03   0.59330E+00  -0.15316E+01
 5250  -0.44176E+03   0.80792E+02  -0.52255E+03   0.54406E+00  -0.11853E+01
 5300  -0.44176E+03   0.80339E+02  -0.52210E+03   0.54100E+00  -0.11109E+01
 5350  -0.44176E+03   0.75688E+02  -0.51745E+03   0.50968E+00  -0.93100E+00
 5400  -0.44176E+03   0.80323E+02  -0.52209E+03   0.54089E+00  -0.11790E+01
 5450  -0.44176E+03   0.82063E+02  -0.52383E+03   0.55261E+00  -0.13697E+01
 5500  -0.44176E+03   0.77637E+02  -0.51940E+03   0.52281E+00  -0.12225E+01
 5550  -0.44176E+03   0.73263E+02  -0.51503E+03   0.49335E+00  -0.10838E+01
 5600  -0.44176E+03   0.76879E+02  -0.51864E+03   0.51771E+00  -0.13083E+01
 5650  -0.44176E+03   0.77050E+02  -0.51881E+03   0.51886E+00  -0.12955E+01
 5700  -0.44176E+03   0.70025E+02  -0.51179E+03   0.47155E+00  -0.93117E+00
 5750  -0.44176E+03   0.73544E+02  -0.51531E+03   0.49524E+00  -0.99746E+00
 5800  -0.44176E+03   0.76828E+02  -0.51859E+03   0.51736E+00  -0.11144E+01
 5850  -0.44176E+03   0.74163E+02  -0.51593E+03   0.49941E+00  -0.96823E+00
 5900  -0.44176E+03   0.74605E+02  -0.51637E+03   0.50239E+00  -0.94565E+00
 5950  -0.44176E+03   0.77463E+02  -0.51923E+03   0.52164E+00  -0.10281E+01
 6000  -0.44176E+03   0.71679E+02  -0.51344E+03   0.48269E+00  -0.78305E+00
 6050  -0.44176E+03   0.69492E+02  -0.51126E+03   0.46796E+00  -0.67144E+00
 6100  -0.44176E+03   0.67032E+02  -0.50880E+03   0.45140E+00  -0.60636E+00
 6150  -0.44176E+03   0.76885E+02  -0.51865E+03   0.51774E+00  -0.10249E+01
 6200  -0.44176E+03   0.84025E+02  -0.52579E+03   0.56582E+00  -0.13281E+01
 6250  -0.44176E+03   0.80920E+02  -0.52268E+03   0.54491E+00  -0.11859E+01
 6300  -0.44176E+03   0.74642E+02  -0.51641E+03   0.50264E+00  -0.92540E+00
 6350  -0.44176E+03   0.80627E+02  -0.52239E+03   0.54294E+00  -0.10857E+01
 6400  -0.44176E+03   0.81405E+02  -0.52317E+03   0.54818E+00  -0.10179E+01
 6450  -0.44176E+03   0.74740E+02  -0.51650E+03   0.50330E+00  -0.78241E+00
 6500  -0.44176E+03   0.80614E+02  -0.52238E+03   0.54285E+00  -0.11039E+01
 6550  -0.44176E+03   0.76792E+02  -0.51856E+03   0.51712E+00  -0.10473E+01
 6600  -0.44176E+03   0.76456E+02  -0.51822E+03   0.51486E+00  -0.10064E+01
 6650  -0.44176E+03   0.73254E+02  -0.51502E+03   0.49329E+00  -0.82557E+00
 6700  -0.44176E+03   0.74204E+02  -0.51597E+03   0.49969E+00  -0.82615E+00
 6750  -0.44176E+03   0.69734E+02  -0.51150E+03   0.46959E+00  -0.65482E+00
 6800  -0.44176E+03   0.69780E+02  -0.51154E+03   0.46990E+00  -0.68241E+00
 6850  -0.44176E+03   0.79968E+02  -0.52173E+03   0.53851E+00  -0.11072E+01
 6900  -0.44176E+03   0.78499E+02  -0.52026E+03   0.52861E+00  -0.10535E+01
 6950  -0.44176E+03   0.69266E+02  -0.51103E+03   0.46644E+00  -0.72520E+00
 7000  -0.44176E+03   0.73192E+02  -0.51495E+03   0.49287E+00  -0.89177E+00
 7050  -0.44176E+03   0.76846E+02  -0.51861E+03   0.51748E+00  -0.10062E+01
 7100  -0.44176E+03   0.75887E+02  -0.51765E+03   0.51103E+00  -0.92768E+00
 7150  -0.44176E+03   0.72771E+02  -0.51453E+03   0.49004E+00  -0.80599E+00
 7200  -0.44176E+03   0.80870E+02  -0.52263E+03   0.54458E+00  -0.11434E+01
 7250  -0.44176E+03   0.79189E+02  -0.52095E+03   0.53326E+00  -0.11049E+01
 7300  -0.44176E+03   0.74252E+02  -0.51602E+03   0.50002E+00  -0.83078E+00
 7350  -0.44176E+03   0.71170E+02  -0.51293E+03   0.47926E+00  -0.71892E+00
 7400  -0.44176E+03   0.77864E+02  -0.51963E+03   0.52434E+00  -0.11072E+01
 7450  -0.44176E+03   0.78050E+02  -0.51981E+03   0.52559E+00  -0.12274E+01
 7500  -0.44176E+03   0.71182E+02  -0.51295E+03   0.47934E+00  -0.10093E+01
 7550  -0.44176E+03   0.71527E+02  -0.51329E+03   0.48167E+00  -0.10466E+01
 7600  -0.44176E+03   0.70274E+02  -0.51204E+03   0.47322E+00  -0.10455E+01
 7650  -0.44176E+03   0.79418E+02  -0.52118E+03   0.53480E+00  -0.14024E+01
 7700  -0.44176E+03   0.81222E+02  -0.52299E+03   0.54695E+00  -0.14532E+01
 7750  -0.44176E+03   0.77339E+02  -0.51910E+03   0.52080E+00  -0.12691E+01
 7800  -0.44176E+03   0.70861E+02  -0.51262E+03   0.47718E+00  -0.93002E+00
 7850  -0.44176E+03   0.73152E+02  -0.51492E+03   0.49261E+00  -0.91084E+00
 7900  -0.44176E+03   0.71925E+02  -0.51369E+03   0.48434E+00  -0.82426E+00
 7950  -0.44176E+03   0.73818E+02  -0.51558E+03   0.49709E+00  -0.89612E+00
 8000  -0.44176E+03   0.76843E+02  -0.51861E+03   0.51746E+00  -0.98462E+00
 8050  -0.44176E+03   0.70928E+02  -0.51269E+03   0.47763E+00  -0.79369E+00
 8100  -0.44176E+03   0.73052E+02  -0.51482E+03   0.49194E+00  -0.94648E+00
 8150  -0.44176E+03   0.75839E+02  -0.51760E+03   0.51070E+00  -0.10811E+01
 8200  -0.44176E+03   0.74168E+02  -0.51593E+03   0.49945E+00  -0.10419E+01
 8250  -0.44176E+03   0.80028E+02  -0.52179E+03   0.53891E+00  -0.12551E+01
 8300  -0.44176E+03   0.75859E+02  -0.51762E+03   0.51083E+00  -0.10987E+01
 8350  -0.44176E+03   0.76471E+02  -0.51823E+03   0.51495E+00  -0.11845E+01
 8400  -0.44176E+03   0.79589E+02  -0.52135E+03   0.53595E+00  -0.13847E+01
 8450  -0.44176E+03   0.80173E+02  -0.52194E+03   0.53989E+00  -0.14185E+01
 8500  -0.44176E+03   0.82315E+02  -0.52408E+03   0.55431E+00  -0.14600E+01
 8550  -0.44176E+03   0.79626E+02  -0.52139E+03   0.53620E+00  -0.12504E+01
 8600  -0.44176E+03   0.81463E+02  -0.52323E+03   0.54858E+00  -0.12045E+01
 8650  -0.44176E+03   0.74277E+02  -0.51604E+03   0.50018E+00  -0.88688E+00
 8700  -0.44176E+03   0.71813E+02  -0.51358E+03   0.48359E+00  -0.76334E+00
 8750  -0.44176E+03   0.76148E+02  -0.51791E+03   0.51278E+00  -0.91597E+00
 8800  -0.44176E+03   0.74458E+02  -0.51622E+03   0.50140E+00  -0.87561E+00
 8850  -0.44176E+03   0.70819E+02  -0.51258E+03   0.47690E+00  -0.78176E+00
 8900  -0.44176E+03   0.78883E+02  -0.52065E+03   0.53120E+00  -0.11427E+01
 8950  -0.44176E+03   0.85011E+02  -0.52678E+03   0.57247E+00  -0.13623E+01
 9000  -0.44176E+03   0.78428E+02  -0.52019E+03   0.52814E+00  -0.11048E+01
 9050  -0.44176E+03   0.74236E+02  -0.51600E+03   0.49990E+00  -0.97470E+00
 9100  -0.44176E+03   0.71144E+02  -0.51291E+03   0.47908E+00  -0.87053E+00
 9150  -0.44176E+03   0.68567E+02  -0.51033E+03   0.46173E+00  -0.86200E+00
 9200  -0.44176E+03   0.83738E+02  -0.52550E+03   0.56389E+00  -0.15457E+01
 9250  -0.44176E+03   0.81085E+02  -0.52285E+03   0.54603E+00  -0.14643E+01
 9300  -0.44176E+03   0.76105E+02  -0.51787E+03   0.51249E+00  -0.12290E+01
 9350  -0.44176E+03   0.80783E+02  -0.52255E+03   0.54399E+00  -0.13627E+01
 9400  -0.44176E+03   0.76825E+02  -0.51859E+03   0.51734E+00  -0.11858E+01
 9450  -0.44176E+03   0.75330E+02  -0.51709E+03   0.50727E+00  -0.10937E+01
 9500  -0.44176E+03   0.75579E+02  -0.51734E+03   0.50895E+00  -0.10300E+01
 9550  -0.44176E+03   0.76051E+02  -0.51781E+03   0.51213E+00  -0.97294E+00
 9600  -0.44176E+03   0.78365E+02  -0.52013E+03   0.52771E+00  -0.10608E+01
 9650  -0.44176E+03   0.78698E+02  -0.52046E+03   0.52996E+00  -0.11419E+01
 9700  -0.44176E+03   0.83503E+02  -0.52527E+03   0.56231E+00  -0.14055E+01
 9750  -0.44176E+03   0.86864E+02  -0.52863E+03   0.58495E+00  -0.15931E+01
 9800  -0.44176E+03   0.86225E+02  -0.52799E+03   0.58064E+00  -0.15505E+01
 9850  -0.44176E+03   0.79359E+02  -0.52112E+03   0.53441E+00  -0.12205E+01
 9900  -0.44176E+03   0.69666E+02  -0.51143E+03   0.46913E+00  -0.85586E+00
 9950  -0.44176E+03   0.78650E+02  -0.52041E+03   0.52963E+00  -0.12192E+01
10000  -0.44176E+03   0.79617E+02  -0.52138E+03   0.53614E+00  -0.12518E+01
10050  -0.44176E+03   0.73951E+02  -0.51571E+03   0.49798E+00  -0.10163E+01
10100  -0.44176E+03   0.76437E+02  -0.51820E+03   0.51473E+00  -0.11014E+01
10150  -0.44176E+03   0.74395E+02  -0.51616E+03   0.50098E+00  -0.10169E+01
10200  -0.44176E+03   0.69733E+02  -0.51150E+03   0.46959E+00  -0.79949E+00
10250  -0.44176E+03   0.70652E+02  -0.51242E+03   0.47577E+00  -0.80088E+00
10300  -0.44176E+03   0.72084E+02  -0.51385E+03   0.48541E+00  -0.85537E+00
10350  -0.44176E+03   0.70743E+02  -0.51251E+03   0.47638E+00  -0.88020E+00
10400  -0.44176E+03   0.69947E+02  -0.51171E+03   0.47102E+00  -0.95631E+00
10450  -0.44176E+03   0.78931E+02  -0.52069E+03   0.53152E+00  -0.13772E+01
10500  -0.44176E+03   0.80389E+02  -0.52215E+03   0.54134E+00  -0.14383E+01
10550  -0.44176E+03   0.79831E+02  -0.52159E+03   0.53758E+00  -0.13750E+01
10600  -0.44176E+03   0.80232E+02  -0.52200E+03   0.54028E+00  -0.13366E+01
10650  -0.44176E+03   0.73088E+02  -0.51485E+03   0.49218E+00  -0.10178E+01
10700  -0.44176E+03   0.72274E+02  -0.51404E+03   0.48669E+00  -0.97056E+00
10750  -0.44176E+03   0.72649E+02  -0.51441E+03   0.48922E+00  -0.96820E+00
10800  -0.44176E+03   0.69505E+02  -0.51127E+03   0.46804E+00  -0.81462E+00
10850  -0.44176E+03   0.72736E+02  -0.51450E+03   0.48981E+00  -0.85548E+00
10900  -0.44176E+03   0.70689E+02  -0.51245E+03   0.47602E+00  -0.73057E+00
10950  -0.44176E+03   0.79690E+02  -0.52145E+03   0.53663E+00  -0.10615E+01
11000  -0.44176E+03   0.83439E+02  -0.52520E+03   0.56188E+00  -0.12779E+01
11050  -0.44176E+03   0.77139E+02  -0.51890E+03   0.51945E+00  -0.11506E+01
11100  -0.44176E+03   0.79679E+02  -0.52144E+03   0.53656E+00  -0.13390E+01
11150  -0.44176E+03   0.79572E+02  -0.52134E+03   0.53584E+00  -0.14027E+01
11200  -0.44176E+03   0.81784E+02  -0.52355E+03   0.55073E+00  -0.14973E+01
11250  -0.44176E+03   0.80789E+02  -0.52255E+03   0.54404E+00  -0.13805E+01
11300  -0.44176E+03   0.71725E+02  -0.51349E+03   0.48300E+00  -0.94129E+00
11350  -0.44176E+03   0.71045E+02  -0.51281E+03   0.47842E+00  -0.90084E+00
11400  -0.44176E+03   0.75227E+02  -0.51699E+03   0.50658E+00  -0.10536E+01
11450  -0.44176E+03   0.74825E+02  -0.51659E+03   0.50387E+00  -0.10060E+01
11500  -0.44176E+03   0.73411E+02  -0.51517E+03   0.49435E+00  -0.98229E+00
11550  -0.44176E+03   0.80666E+02  -0.52243E+03   0.54320E+00  -0.13515E+01
11600  -0.44176E+03   0.73984E+02  -0.51575E+03   0.49821E+00  -0.11968E+01
11650  -0.44176E+03   0.66874E+02  -0.50864E+03   0.45033E+00  -0.95391E+00
11700  -0.44176E+03   0.72307E+02  -0.51407E+03   0.48691E+00  -0.11233E+01
11750  -0.44176E+03   0.70603E+02  -0.51237E+03   0.47544E+00  -0.96144E+00
11800  -0.44176E+03   0.70550E+02  -0.51231E+03   0.47508E+00  -0.87219E+00
11850  -0.44176E+03   0.69521E+02  -0.51128E+03   0.46816E+00  -0.86313E+00
11900  -0.44176E+03   0.75427E+02  -0.51719E+03   0.50792E+00  -0.10479E+01
11950  -0.44176E+03   0.70070E+02  -0.51183E+03   0.47185E+00  -0.75964E+00
12000  -0.44176E+03   0.73547E+02  -0.51531E+03   0.49527E+00  -0.84699E+00
12050  -0.44176E+03   0.76331E+02  -0.51809E+03   0.51401E+00  -0.94704E+00
12100  -0.44176E+03   0.74843E+02  -0.51661E+03   0.50400E+00  -0.90107E+00
12150  -0.44176E+03   0.75915E+02  -0.51768E+03   0.51121E+00  -0.94482E+00
12200  -0.44176E+03   0.76945E+02  -0.51871E+03   0.51815E+00  -0.95548E+00
12250  -0.44176E+03   0.72253E+02  -0.51402E+03   0.48655E+00  -0.71357E+00
12300  -0.44176E+03   0.74342E+02  -0.51611E+03   0.50062E+00  -0.66813E+00
12350  -0.44176E+03   0.74088E+02  -0.51585E+03   0.49891E+00  -0.56768E+00
12400  -0.44176E+03   0.73280E+02  -0.51504E+03   0.49347E+00  -0.52724E+00
12450  -0.44176E+03   0.75425E+02  -0.51719E+03   0.50791E+00  -0.66400E+00
12500  -0.44176E+03   0.70484E+02  -0.51225E+03   0.47464E+00  -0.59170E+00
12550  -0.44176E+03   0.80902E+02  -0.52267E+03   0.54479E+00  -0.10219E+01
12600  -0.44176E+03   0.80035E+02  -0.52180E+03   0.53896E+00  -0.10302E+01
12650  -0.44176E+03   0.77556E+02  -0.51932E+03   0.52226E+00  -0.92283E+00
12700  -0.44176E+03   0.78888E+02  -0.52065E+03   0.53123E+00  -0.94436E+00
12750  -0.44176E+03   0.78660E+02  -0.52042E+03   0.52970E+00  -0.96394E+00
12800  -0.44176E+03   0.79655E+02  -0.52142E+03   0.53640E+00  -0.10318E+01
12850  -0.44176E+03   0.71139E+02  -0.51290E+03   0.47905E+00  -0.80532E+00
12900  -0.44176E+03   0.74805E+02  -0.51657E+03   0.50373E+00  -0.10557E+01
12950  -0.44176E+03   0.77878E+02  -0.51964E+03   0.52443E+00  -0.12405E+01
13000  -0.44176E+03   0.76595E+02  -0.51836E+03   0.51579E+00  -0.11685E+01
13050  -0.44176E+03   0.74798E+02  -0.51656E+03   0.50369E+00  -0.10161E+01
13100  -0.44176E+03   0.72688E+02  -0.51445E+03   0.48948E+00  -0.88347E+00
13150  -0.44176E+03   0.74829E+02  -0.51659E+03   0.50390E+00  -0.10046E+01
13200  -0.44176E+03   0.84908E+02  -0.52667E+03   0.57177E+00  -0.14281E+01
13250  -0.44176E+03   0.77135E+02  -0.51890E+03   0.51943E+00  -0.10851E+01
13300  -0.44176E+03   0.68223E+02  -0.50999E+03   0.45942E+00  -0.72483E+00
13350  -0.44176E+03   0.72047E+02  -0.51381E+03   0.48517E+00  -0.92974E+00
13400  -0.44176E+03   0.72730E+02  -0.51449E+03   0.48976E+00  -0.98443E+00
13450  -0.44176E+03   0.77193E+02  -0.51896E+03   0.51982E+00  -0.11032E+01
13500  -0.44176E+03   0.77199E+02  -0.51896E+03   0.51986E+00  -0.10125E+01
13550  -0.44176E+03   0.77963E+02  -0.51973E+03   0.52500E+00  -0.10299E+01
13600  -0.44176E+03   0.78935E+02  -0.52070E+03   0.53155E+00  -0.11566E+01
13650  -0.44176E+03   0.74820E+02  -0.51658E+03   0.50384E+00  -0.10123E+01
13700  -0.44176E+03   0.72920E+02  -0.51468E+03   0.49104E+00  -0.89229E+00
13750  -0.44176E+03   0.76741E+02  -0.51850E+03   0.51677E+00  -0.10119E+01
13800  -0.44176E+03   0.73357E+02  -0.51512E+03   0.49399E+00  -0.89389E+00
13850  -0.44176E+03   0.73785E+02  -0.51555E+03   0.49687E+00  -0.99258E+00
13900  -0.44176E+03   0.79788E+02  -0.52155E+03   0.53729E+00  -0.13205E+01
13950  -0.44176E+03   0.78533E+02  -0.52030E+03   0.52884E+00  -0.12923E+01
14000  -0.44176E+03   0.77089E+02  -0.51885E+03   0.51912E+00  -0.12431E+01
14050  -0.44176E+03   0.76837E+02  -0.51860E+03   0.51742E+00  -0.12719E+01
14100  -0.44176E+03   0.86101E+02  -0.52786E+03   0.57980E+00  -0.15723E+01
14150  -0.44176E+03   0.80233E+02  -0.52200E+03   0.54029E+00  -0.11909E+01
14200  -0.44176E+03   0.73238E+02  -0.51500E+03   0.49319E+00  -0.77184E+00
14250  -0.44176E+03   0.77277E+02  -0.51904E+03   0.52038E+00  -0.91134E+00
14300  -0.44176E+03   0.84214E+02  -0.52598E+03   0.56710E+00  -0.12434E+01
14350  -0.44176E+03   0.77440E+02  -0.51920E+03   0.52148E+00  -0.10649E+01
14400  -0.44176E+03   0.81062E+02  -0.52282E+03   0.54587E+00  -0.12234E+01
14450  -0.44176E+03   0.78683E+02  -0.52045E+03   0.52985E+00  -0.11347E+01
14500  -0.44176E+03   0.79096E+02  -0.52086E+03   0.53263E+00  -0.11217E+01
14550  -0.44176E+03   0.82548E+02  -0.52431E+03   0.55588E+00  -0.12062E+01
14600  -0.44176E+03   0.76989E+02  -0.51875E+03   0.51845E+00  -0.10206E+01
14650  -0.44176E+03   0.77372E+02  -0.51914E+03   0.52102E+00  -0.10758E+01
14700  -0.44176E+03   0.75748E+02  -0.51751E+03   0.51009E+00  -0.10637E+01
14750  -0.44176E+03   0.74255E+02  -0.51602E+03   0.50003E+00  -0.99626E+00
14800  -0.44176E+03   0.80512E+02  -0.52228E+03   0.54217E+00  -0.12913E+01
14850  -0.44176E+03   0.87780E+02  -0.52954E+03   0.59111E+00  -0.16300E+01
14900  -0.44176E+03   0.83587E+02  -0.52535E+03   0.56287E+00  -0.14730E+01
14950  -0.44176E+03   0.75226E+02  -0.51699E+03   0.50658E+00  -0.11409E+01
15000  -0.44176E+03   0.79289E+02  -0.52105E+03   0.53393E+00  -0.12739E+01
15050  -0.44176E+03   0.75648E+02  -0.51741E+03   0.50942E+00  -0.10861E+01
15100  -0.44176E+03   0.75551E+02  -0.51732E+03   0.50876E+00  -0.95873E+00
15150  -0.44176E+03   0.75313E+02  -0.51708E+03   0.50716E+00  -0.87326E+00
15200  -0.44176E+03   0.72726E+02  -0.51449E+03   0.48974E+00  -0.84190E+00
15250  -0.44177E+03   0.80781E+02  -0.52255E+03   0.54398E+00  -0.12169E+01
15300  -0.44176E+03   0.75481E+02  -0.51725E+03   0.50829E+00  -0.10367E+01
15350  -0.44176E+03   0.71259E+02  -0.51302E+03   0.47986E+00  -0.86244E+00
15400  -0.44177E+03   0.81015E+02  -0.52278E+03   0.54556E+00  -0.12660E+01
15450  -0.44176E+03   0.76069E+02  -0.51783E+03   0.51225E+00  -0.11138E+01
15500  -0.44177E+03   0.72864E+02  -0.51463E+03   0.49066E+00  -0.98285E+00
15550  -0.44176E+03   0.72416E+02  -0.51418E+03   0.48765E+00  -0.99257E+00
15600  -0.44176E+03   0.80073E+02  -0.52184E+03   0.53921E+00  -0.12682E+01
15650  -0.44176E+03   0.73840E+02  -0.51560E+03   0.49724E+00  -0.10163E+01
15700  -0.44176E+03   0.71240E+02  -0.51300E+03   0.47973E+00  -0.92400E+00
15750  -0.44176E+03   0.73479E+02  -0.51524E+03   0.49481E+00  -0.10337E+01
15800  -0.44176E+03   0.74928E+02  -0.51669E+03   0.50457E+00  -0.11409E+01
15850  -0.44176E+03   0.79438E+02  -0.52120E+03   0.53493E+00  -0.13307E+01
15900  -0.44176E+03   0.78311E+02  -0.52008E+03   0.52735E+00  -0.12651E+01
15950  -0.44176E+03   0.69931E+02  -0.51169E+03   0.47091E+00  -0.90619E+00
16000  -0.44176E+03   0.73819E+02  -0.51558E+03   0.49710E+00  -0.10184E+01
16050  -0.44176E+03   0.71342E+02  -0.51311E+03   0.48042E+00  -0.92993E+00
16100  -0.44176E+03   0.74819E+02  -0.51658E+03   0.50383E+00  -0.10472E+01
16150  -0.44176E+03   0.76591E+02  -0.51836E+03   0.51577E+00  -0.10797E+01
16200  -0.44176E+03   0.67690E+02  -0.50945E+03   0.45582E+00  -0.73056E+00
16250  -0.44177E+03   0.70720E+02  -0.51249E+03   0.47623E+00  -0.83001E+00
16300  -0.44176E+03   0.70446E+02  -0.51221E+03   0.47439E+00  -0.82749E+00
16350  -0.44176E+03   0.72944E+02  -0.51471E+03   0.49121E+00  -0.92416E+00
16400  -0.44176E+03   0.83909E+02  -0.52567E+03   0.56505E+00  -0.13504E+01
16450  -0.44176E+03   0.81674E+02  -0.52344E+03   0.55000E+00  -0.12783E+01
16500  -0.44176E+03   0.75462E+02  -0.51723E+03   0.50816E+00  -0.10232E+01
16550  -0.44176E+03   0.74893E+02  -0.51666E+03   0.50433E+00  -0.10019E+01
16600  -0.44177E+03   0.77957E+02  -0.51972E+03   0.52496E+00  -0.10570E+01
16650  -0.44176E+03   0.69329E+02  -0.51109E+03   0.46686E+00  -0.68567E+00
16700  -0.44176E+03   0.71379E+02  -0.51314E+03   0.48066E+00  -0.72229E+00
16750  -0.44176E+03   0.73148E+02  -0.51491E+03   0.49258E+00  -0.78399E+00
16800  -0.44176E+03   0.74052E+02  -0.51582E+03   0.49867E+00  -0.79746E+00
16850  -0.44176E+03   0.76488E+02  -0.51825E+03   0.51507E+00  -0.87605E+00
16900  -0.44176E+03   0.73102E+02  -0.51487E+03   0.49227E+00  -0.78728E+00
16950  -0.44176E+03   0.71302E+02  -0.51307E+03   0.48014E+00  -0.73879E+00
17000  -0.44176E+03   0.73572E+02  -0.51534E+03   0.49543E+00  -0.81803E+00
17050  -0.44177E+03   0.79771E+02  -0.52154E+03   0.53718E+00  -0.10064E+01
17100  -0.44176E+03   0.74936E+02  -0.51670E+03   0.50462E+00  -0.79745E+00
17150  -0.44176E+03   0.76684E+02  -0.51845E+03   0.51639E+00  -0.84456E+00
17200  -0.44177E+03   0.78938E+02  -0.52070E+03   0.53157E+00  -0.83360E+00
17250  -0.44176E+03   0.70053E+02  -0.51182E+03   0.47174E+00  -0.44863E+00
17300  -0.44177E+03   0.76175E+02  -0.51794E+03   0.51297E+00  -0.75213E+00
17350  -0.44176E+03   0.73871E+02  -0.51564E+03   0.49745E+00  -0.77432E+00
17400  -0.44176E+03   0.80272E+02  -0.52204E+03   0.54055E+00  -0.10432E+01
17450  -0.44176E+03   0.79577E+02  -0.52134E+03   0.53587E+00  -0.10574E+01
17500  -0.44177E+03   0.79192E+02  -0.52096E+03   0.53328E+00  -0.10528E+01
17550  -0.44176E+03   0.75866E+02  -0.51763E+03   0.51088E+00  -0.95591E+00
17600  -0.44177E+03   0.84381E+02  -0.52615E+03   0.56822E+00  -0.13266E+01
17650  -0.44176E+03   0.76296E+02  -0.51806E+03   0.51378E+00  -0.10873E+01
17700  -0.44176E+03   0.77065E+02  -0.51883E+03   0.51896E+00  -0.11157E+01
17750  -0.44176E+03   0.77552E+02  -0.51932E+03   0.52224E+00  -0.11671E+01
17800  -0.44177E+03   0.79436E+02  -0.52120E+03   0.53492E+00  -0.12319E+01
17850  -0.44176E+03   0.75362E+02  -0.51713E+03   0.50749E+00  -0.10161E+01
17900  -0.44177E+03   0.76181E+02  -0.51795E+03   0.51300E+00  -0.95811E+00
17950  -0.44176E+03   0.76369E+02  -0.51813E+03   0.51427E+00  -0.98129E+00
18000  -0.44177E+03   0.81301E+02  -0.52307E+03   0.54748E+00  -0.12304E+01
18050  -0.44176E+03   0.73063E+02  -0.51483E+03   0.49201E+00  -0.93936E+00
18100  -0.44177E+03   0.73773E+02  -0.51554E+03   0.49678E+00  -0.94704E+00
18150  -0.44176E+03   0.72676E+02  -0.51444E+03   0.48940E+00  -0.90266E+00
18200  -0.44177E+03   0.76568E+02  -0.51833E+03   0.51561E+00  -0.98049E+00
18250  -0.44176E+03   0.76280E+02  -0.51804E+03   0.51367E+00  -0.93318E+00
18300  -0.44176E+03   0.77203E+02  -0.51897E+03   0.51989E+00  -0.10279E+01
18350  -0.44176E+03   0.83478E+02  -0.52524E+03   0.56214E+00  -0.13265E+01
18400  -0.44176E+03   0.80990E+02  -0.52276E+03   0.54539E+00  -0.12247E+01
18450  -0.44176E+03   0.71624E+02  -0.51339E+03   0.48232E+00  -0.79117E+00
18500  -0.44176E+03   0.68956E+02  -0.51072E+03   0.46435E+00  -0.62811E+00
18550  -0.44176E+03   0.69752E+02  -0.51152E+03   0.46971E+00  -0.69526E+00
18600  -0.44177E+03   0.76002E+02  -0.51777E+03   0.51180E+00  -0.95291E+00
18650  -0.44177E+03   0.78729E+02  -0.52049E+03   0.53016E+00  -0.11000E+01
18700  -0.44177E+03   0.74818E+02  -0.51658E+03   0.50382E+00  -0.10063E+01
18750  -0.44176E+03   0.67179E+02  -0.50894E+03   0.45239E+00  -0.72531E+00
18800  -0.44176E+03   0.76005E+02  -0.51777E+03   0.51182E+00  -0.10483E+01
18850  -0.44176E+03   0.78493E+02  -0.52026E+03   0.52857E+00  -0.11113E+01
18900  -0.44176E+03   0.78935E+02  -0.52070E+03   0.53155E+00  -0.10591E+01
18950  -0.44176E+03   0.82114E+02  -0.52388E+03   0.55295E+00  -0.11539E+01
19000  -0.44177E+03   0.88716E+02  -0.53048E+03   0.59741E+00  -0.13679E+01
19050  -0.44177E+03   0.77876E+02  -0.51964E+03   0.52442E+00  -0.93529E+00
19100  -0.44177E+03   0.76810E+02  -0.51858E+03   0.51724E+00  -0.87808E+00
19150  -0.44176E+03   0.78627E+02  -0.52039E+03   0.52947E+00  -0.97265E+00
19200  -0.44176E+03   0.77207E+02  -0.51897E+03   0.51991E+00  -0.10352E+01
19250  -0.44177E+03   0.81454E+02  -0.52322E+03   0.54851E+00  -0.12624E+01
19300  -0.44176E+03   0.73673E+02  -0.51544E+03   0.49612E+00  -0.91066E+00
19350  -0.44177E+03   0.74546E+02  -0.51631E+03   0.50199E+00  -0.85126E+00
19400  -0.44177E+03   0.75180E+02  -0.51695E+03   0.50626E+00  -0.87104E+00
19450  -0.44176E+03   0.66021E+02  -0.50779E+03   0.44459E+00  -0.56999E+00
19500  -0.44177E+03   0.72445E+02  -0.51421E+03   0.48784E+00  -0.81715E+00
19550  -0.44177E+03   0.74768E+02  -0.51653E+03   0.50349E+00  -0.90976E+00
19600  -0.44176E+03   0.76039E+02  -0.51780E+03   0.51204E+00  -0.97042E+00
19650  -0.44177E+03   0.78804E+02  -0.52057E+03   0.53067E+00  -0.10743E+01
19700  -0.44176E+03   0.75795E+02  -0.51756E+03   0.51040E+00  -0.97231E+00
19750  -0.44177E+03   0.80027E+02  -0.52179E+03   0.53890E+00  -0.11349E+01
19800  -0.44176E+03   0.71442E+02  -0.51321E+03   0.48109E+00  -0.82811E+00
19850  -0.44177E+03   0.83300E+02  -0.52507E+03   0.56094E+00  -0.12833E+01
19900  -0.44177E+03   0.79194E+02  -0.52096E+03   0.53329E+00  -0.11215E+01
19950  -0.44176E+03   0.66055E+02  -0.50782E+03   0.44482E+00  -0.60382E+00
20000  -0.44177E+03   0.73294E+02  -0.51506E+03   0.49356E+00  -0.88780E+00
20050  -0.44176E+03   0.79967E+02  -0.52173E+03   0.53850E+00  -0.11840E+01
20100  -0.44177E+03   0.82859E+02  -0.52462E+03   0.55797E+00  -0.12612E+01
20150  -0.44176E+03   0.76829E+02  -0.51859E+03   0.51736E+00  -0.93117E+00
20200  -0.44177E+03   0.81190E+02  -0.52295E+03   0.54673E+00  -0.10096E+01
20250  -0.44177E+03   0.80533E+02  -0.52230E+03   0.54231E+00  -0.92718E+00
20300  -0.44177E+03   0.76609E+02  -0.51837E+03   0.51589E+00  -0.77441E+00
20350  -0.44177E+03   0.82526E+02  -0.52429E+03   0.55573E+00  -0.10430E+01
20400  -0.44177E+03   0.79726E+02  -0.52149E+03   0.53688E+00  -0.10234E+01
20450  -0.44177E+03   0.82886E+02  -0.52465E+03   0.55815E+00  -0.11533E+01
20500  -0.44177E+03   0.72419E+02  -0.51418E+03   0.48767E+00  -0.72158E+00
20550  -0.44177E+03   0.80424E+02  -0.52219E+03   0.54158E+00  -0.10610E+01
20600  -0.44177E+03   0.77856E+02  -0.51962E+03   0.52429E+00  -0.10296E+01
20650  -0.44177E+03   0.73507E+02  -0.51527E+03   0.49500E+00  -0.82230E+00
20700  -0.44177E+03   0.73962E+02  -0.51573E+03   0.49806E+00  -0.76866E+00
20750  -0.44177E+03   0.73811E+02  -0.51558E+03   0.49704E+00  -0.77866E+00
20800  -0.44177E+03   0.78406E+02  -0.52017E+03   0.52799E+00  -0.10544E+01
20850  -0.44176E+03   0.71748E+02  -0.51351E+03   0.48315E+00  -0.89038E+00
20900  -0.44177E+03   0.79985E+02  -0.52175E+03   0.53862E+00  -0.12398E+01
20950  -0.44177E+03   0.79649E+02  -0.52141E+03   0.53636E+00  -0.12423E+01
21000  -0.44176E+03   0.73823E+02  -0.51559E+03   0.49712E+00  -0.10038E+01
21050  -0.44177E+03   0.78245E+02  -0.52001E+03   0.52690E+00  -0.11122E+01
21100  -0.44177E+03   0.67461E+02  -0.50923E+03   0.45429E+00  -0.64270E+00
21150  -0.44177E+03   0.69840E+02  -0.51161E+03   0.47030E+00  -0.75443E+00
21200  -0.44177E+03   0.71128E+02  -0.51289E+03   0.47898E+00  -0.89503E+00
21250  -0.44177E+03   0.75437E+02  -0.51720E+03   0.50799E+00  -0.10676E+01
21300  -0.44177E+03   0.73967E+02  -0.51573E+03   0.49809E+00  -0.99917E+00
21350  -0.44177E+03   0.74267E+02  -0.51603E+03   0.50012E+00  -0.98977E+00
21400  -0.44177E+03   0.75136E+02  -0.51690E+03   0.50596E+00  -0.10577E+01
21450  -0.44177E+03   0.85911E+02  -0.52768E+03   0.57853E+00  -0.15040E+01
21500  -0.44177E+03   0.79877E+02  -0.52164E+03   0.53789E+00  -0.12614E+01
21550  -0.44177E+03   0.76128E+02  -0.51789E+03   0.51264E+00  -0.99336E+00
21600  -0.44177E+03   0.73775E+02  -0.51554E+03   0.49680E+00  -0.81331E+00
21650  -0.44177E+03   0.77538E+02  -0.51930E+03   0.52214E+00  -0.95037E+00
21700  -0.44177E+03   0.74839E+02  -0.51660E+03   0.50397E+00  -0.93379E+00
21750  -0.44177E+03   0.69131E+02  -0.51090E+03   0.46553E+00  -0.78228E+00
21800  -0.44177E+03   0.77684E+02  -0.51945E+03   0.52312E+00  -0.11043E+01
21850  -0.44177E+03   0.78579E+02  -0.52034E+03   0.52915E+00  -0.10538E+01
21900  -0.44176E+03   0.70560E+02  -0.51232E+03   0.47515E+00  -0.68821E+00
21950  -0.44177E+03   0.86627E+02  -0.52839E+03   0.58335E+00  -0.13232E+01
22000  -0.44177E+03   0.78628E+02  -0.52039E+03   0.52948E+00  -0.10425E+01
22050  -0.44177E+03   0.77271E+02  -0.51904E+03   0.52034E+00  -0.10121E+01
22100  -0.44177E+03   0.80727E+02  -0.52249E+03   0.54362E+00  -0.12062E+01
22150  -0.44177E+03   0.80446E+02  -0.52221E+03   0.54172E+00  -0.11824E+01
22200  -0.44176E+03   0.70897E+02  -0.51266E+03   0.47742E+00  -0.75430E+00
22250  -0.44177E+03   0.73679E+02  -0.51544E+03   0.49615E+00  -0.87324E+00
22300  -0.44177E+03   0.74931E+02  -0.51670E+03   0.50458E+00  -0.98699E+00
22350  -0.44177E+03   0.77364E+02  -0.51913E+03   0.52097E+00  -0.11353E+01
22400  -0.44177E+03   0.74754E+02  -0.51652E+03   0.50340E+00  -0.11231E+01
22450  -0.44177E+03   0.72320E+02  -0.51409E+03   0.48700E+00  -0.10769E+01
22500  -0.44176E+03   0.75264E+02  -0.51703E+03   0.50683E+00  -0.12050E+01
22550  -0.44177E+03   0.83480E+02  -0.52525E+03   0.56215E+00  -0.14964E+01
22600  -0.44176E+03   0.75602E+02  -0.51737E+03   0.50910E+00  -0.11833E+01
22650  -0.44177E+03   0.79675E+02  -0.52144E+03   0.53653E+00  -0.12799E+01
22700  -0.44176E+03   0.71303E+02  -0.51307E+03   0.48016E+00  -0.94302E+00
22750  -0.44177E+03   0.78037E+02  -0.51980E+03   0.52550E+00  -0.11591E+01
22800  -0.44177E+03   0.82133E+02  -0.52390E+03   0.55308E+00  -0.12554E+01
22850  -0.44177E+03   0.78303E+02  -0.52007E+03   0.52729E+00  -0.10548E+01
22900  -0.44177E+03   0.77983E+02  -0.51975E+03   0.52514E+00  -0.10930E+01
22950  -0.44177E+03   0.81287E+02  -0.52305E+03   0.54739E+00  -0.12979E+01
23000  -0.44176E+03   0.71847E+02  -0.51361E+03   0.48382E+00  -0.98103E+00
23050  -0.44177E+03   0.83135E+02  -0.52490E+03   0.55983E+00  -0.14225E+01
23100  -0.44177E+03   0.81829E+02  -0.52359E+03   0.55104E+00  -0.13897E+01
23150  -0.44177E+03   0.77830E+02  -0.51960E+03   0.52411E+00  -0.12444E+01
23200  -0.44177E+03   0.76395E+02  -0.51816E+03   0.51444E+00  -0.11944E+01
23250  -0.44177E+03   0.71379E+02  -0.51314E+03   0.48067E+00  -0.99925E+00
23300  -0.44177E+03   0.75213E+02  -0.51698E+03   0.50648E+00  -0.10516E+01
23350  -0.44177E+03   0.72409E+02  -0.51417E+03   0.48760E+00  -0.79878E+00
23400  -0.44177E+03   0.70508E+02  -0.51227E+03   0.47480E+00  -0.61071E+00
23450  -0.44177E+03   0.69997E+02  -0.51176E+03   0.47136E+00  -0.61369E+00
23500  -0.44177E+03   0.81840E+02  -0.52361E+03   0.55111E+00  -0.11302E+01
23550  -0.44177E+03   0.81792E+02  -0.52356E+03   0.55079E+00  -0.11490E+01
23600  -0.44177E+03   0.73720E+02  -0.51548E+03   0.49643E+00  -0.85750E+00
23650  -0.44176E+03   0.68297E+02  -0.51006E+03   0.45992E+00  -0.69667E+00
23700  -0.44177E+03   0.77253E+02  -0.51902E+03   0.52023E+00  -0.10476E+01
23750  -0.44176E+03   0.73617E+02  -0.51538E+03   0.49574E+00  -0.95926E+00
23800  -0.44176E+03   0.75387E+02  -0.51715E+03   0.50766E+00  -0.10178E+01
23850  -0.44176E+03   0.76478E+02  -0.51824E+03   0.51500E+00  -0.10106E+01
23900  -0.44177E+03   0.82658E+02  -0.52442E+03   0.55662E+00  -0.12278E+01
23950  -0.44176E+03   0.82581E+02  -0.52435E+03   0.55610E+00  -0.12850E+01
24000  -0.44177E+03   0.78450E+02  -0.52022E+03   0.52828E+00  -0.11736E+01
24050  -0.44176E+03   0.67636E+02  -0.50940E+03   0.45546E+00  -0.78666E+00
24100  -0.44177E+03   0.70655E+02  -0.51242E+03   0.47579E+00  -0.89288E+00
24150  -0.44176E+03   0.81818E+02  -0.52358E+03   0.55096E+00  -0.12821E+01
24200  -0.44177E+03   0.84159E+02  -0.52592E+03   0.56673E+00  -0.13316E+01
24250  -0.44176E+03   0.79886E+02  -0.52165E+03   0.53795E+00  -0.11740E+01
24300  -0.44177E+03   0.84170E+02  -0.52593E+03   0.56680E+00  -0.13173E+01
24350  -0.44176E+03   0.83338E+02  -0.52510E+03   0.56120E+00  -0.12426E+01
24400  -0.44177E+03   0.76329E+02  -0.51809E+03   0.51400E+00  -0.93939E+00
24450  -0.44177E+03   0.69623E+02  -0.51139E+03   0.46884E+00  -0.65979E+00
24500  -0.44177E+03   0.74257E+02  -0.51602E+03   0.50005E+00  -0.81337E+00
24550  -0.44176E+03   0.74474E+02  -0.51624E+03   0.50151E+00  -0.80976E+00
24600  -0.44177E+03   0.76160E+02  -0.51793E+03   0.51286E+00  -0.88439E+00
24650  -0.44177E+03   0.74760E+02  -0.51653E+03   0.50343E+00  -0.87321E+00
24700  -0.44177E+03   0.74144E+02  -0.51591E+03   0.49929E+00  -0.92281E+00
24750  -0.44177E+03   0.83144E+02  -0.52491E+03   0.55989E+00  -0.13462E+01
24800  -0.44176E+03   0.79959E+02  -0.52172E+03   0.53844E+00  -0.13264E+01
24850  -0.44177E+03   0.79316E+02  -0.52108E+03   0.53412E+00  -0.13333E+01
24900  -0.44176E+03   0.76948E+02  -0.51871E+03   0.51817E+00  -0.12332E+01
24950  -0.44176E+03   0.76990E+02  -0.51876E+03   0.51845E+00  -0.12291E+01
25000  -0.44176E+03   0.80299E+02  -0.52206E+03   0.54074E+00  -0.13898E+01
25050  -0.44176E+03   0.78899E+02  -0.52066E+03   0.53131E+00  -0.13544E+01
25100  -0.44176E+03   0.74511E+02  -0.51628E+03   0.50176E+00  -0.11326E+01
25150  -0.44177E+03   0.82844E+02  -0.52461E+03   0.55787E+00  -0.13784E+01
25200  -0.44176E+03   0.78930E+02  -0.52069E+03   0.53151E+00  -0.12213E+01
25250  -0.44176E+03   0.77132E+02  -0.51890E+03   0.51941E+00  -0.12040E+01
25300  -0.44176E+03   0.82012E+02  -0.52378E+03   0.55227E+00  -0.13992E+01
25350  -0.44176E+03   0.78355E+02  -0.52012E+03   0.52764E+00  -0.12187E+01
25400  -0.44176E+03   0.72046E+02  -0.51381E+03   0.48516E+00  -0.98518E+00
25450  -0.44176E+03   0.78313E+02  -0.52008E+03   0.52736E+00  -0.12311E+01
25500  -0.44176E+03   0.81178E+02  -0.52294E+03   0.54666E+00  -0.12714E+01
25550  -0.44176E+03   0.75070E+02  -0.51683E+03   0.50553E+00  -0.92064E+00
25600  -0.44176E+03   0.73160E+02  -0.51492E+03   0.49266E+00  -0.78081E+00
25650  -0.44176E+03   0.81976E+02  -0.52374E+03   0.55203E+00  -0.11350E+01
25700  -0.44176E+03   0.78285E+02  -0.52005E+03   0.52717E+00  -0.10938E+01
25750  -0.44176E+03   0.74467E+02  -0.51623E+03   0.50146E+00  -0.10034E+01
25800  -0.44176E+03   0.74034E+02  -0.51580E+03   0.49855E+00  -0.95696E+00
25850  -0.44176E+03   0.71548E+02  -0.51331E+03   0.48180E+00  -0.79289E+00
25900  -0.44176E+03   0.66834E+02  -0.50860E+03   0.45006E+00  -0.62153E+00
25950  -0.44176E+03   0.77382E+02  -0.51915E+03   0.52109E+00  -0.10835E+01
26000  -0.44176E+03   0.80667E+02  -0.52243E+03   0.54321E+00  -0.12856E+01
26050  -0.44176E+03   0.80998E+02  -0.52276E+03   0.54544E+00  -0.13195E+01
26100  -0.44176E+03   0.72982E+02  -0.51475E+03   0.49146E+00  -0.99666E+00
26150  -0.44176E+03   0.75350E+02  -0.51711E+03   0.50741E+00  -0.10657E+01
26200  -0.44176E+03   0.84826E+02  -0.52659E+03   0.57122E+00  -0.14319E+01
26250  -0.44176E+03   0.78364E+02  -0.52013E+03   0.52770E+00  -0.11817E+01
26300  -0.44176E+03   0.71850E+02  -0.51361E+03   0.48384E+00  -0.96994E+00
26350  -0.44176E+03   0.73842E+02  -0.51561E+03   0.49725E+00  -0.11087E+01
26400  -0.44176E+03   0.73462E+02  -0.51522E+03   0.49469E+00  -0.10771E+01
26450  -0.44176E+03   0.71086E+02  -0.51285E+03   0.47869E+00  -0.91934E+00
26500  -0.44176E+03   0.73517E+02  -0.51528E+03   0.49506E+00  -0.97260E+00
26550  -0.44176E+03   0.72314E+02  -0.51408E+03   0.48696E+00  -0.87014E+00
26600  -0.44176E+03   0.62692E+02  -0.50445E+03   0.42217E+00  -0.49578E+00
26650  -0.44176E+03   0.75314E+02  -0.51708E+03   0.50716E+00  -0.10453E+01
26700  -0.44176E+03   0.75686E+02  -0.51745E+03   0.50967E+00  -0.10963E+01
26750  -0.44176E+03   0.72510E+02  -0.51427E+03   0.48828E+00  -0.99935E+00
26800  -0.44176E+03   0.77551E+02  -0.51932E+03   0.52223E+00  -0.12317E+01
26850  -0.44176E+03   0.79375E+02  -0.52114E+03   0.53451E+00  -0.13084E+01
26900  -0.44176E+03   0.80185E+02  -0.52195E+03   0.53996E+00  -0.13108E+01
26950  -0.44176E+03   0.76731E+02  -0.51849E+03   0.51671E+00  -0.11268E+01
27000  -0.44176E+03   0.76860E+02  -0.51862E+03   0.51757E+00  -0.10295E+01
27050  -0.44176E+03   0.75420E+02  -0.51718E+03   0.50788E+00  -0.96223E+00
27100  -0.44176E+03   0.75261E+02  -0.51702E+03   0.50681E+00  -0.95004E+00
27150  -0.44176E+03   0.76592E+02  -0.51836E+03   0.51577E+00  -0.10629E+01
27200  -0.44176E+03   0.84689E+02  -0.52645E+03   0.57030E+00  -0.14414E+01
27250  -0.44176E+03   0.83217E+02  -0.52498E+03   0.56038E+00  -0.13973E+01
27300  -0.44176E+03   0.80223E+02  -0.52199E+03   0.54023E+00  -0.12386E+01
27350  -0.44176E+03   0.80093E+02  -0.52186E+03   0.53935E+00  -0.11725E+01
27400  -0.44176E+03   0.74145E+02  -0.51591E+03   0.49929E+00  -0.93670E+00
27450  -0.44176E+03   0.75519E+02  -0.51728E+03   0.50855E+00  -0.10035E+01
27500  -0.44176E+03   0.78283E+02  -0.52005E+03   0.52716E+00  -0.11261E+01
27550  -0.44176E+03   0.75848E+02  -0.51761E+03   0.51076E+00  -0.10368E+01
27600  -0.44176E+03   0.78094E+02  -0.51986E+03   0.52589E+00  -0.10928E+01
27650  -0.44176E+03   0.78448E+02  -0.52021E+03   0.52827E+00  -0.10944E+01
27700  -0.44176E+03   0.78654E+02  -0.52042E+03   0.52966E+00  -0.10453E+01
27750  -0.44176E+03   0.72575E+02  -0.51434E+03   0.48872E+00  -0.77738E+00
27800  -0.44176E+03   0.76025E+02  -0.51779E+03   0.51196E+00  -0.93210E+00
27850  -0.44176E+03   0.77640E+02  -0.51940E+03   0.52283E+00  -0.10662E+01
27900  -0.44176E+03   0.72972E+02  -0.51474E+03   0.49140E+00  -0.94461E+00
27950  -0.44176E+03   0.71849E+02  -0.51361E+03   0.48383E+00  -0.89685E+00
28000  -0.44176E+03   0.74882E+02  -0.51665E+03   0.50426E+00  -0.89336E+00
28050  -0.44176E+03   0.72285E+02  -0.51405E+03   0.48677E+00  -0.72039E+00
28100  -0.44176E+03   0.80277E+02  -0.52204E+03   0.54059E+00  -0.10822E+01
28150  -0.44176E+03   0.82029E+02  -0.52379E+03   0.55238E+00  -0.12456E+01
28200  -0.44176E+03   0.70046E+02  -0.51181E+03   0.47169E+00  -0.85372E+00
28250  -0.44176E+03   0.74168E+02  -0.51593E+03   0.49944E+00  -0.10073E+01
28300  -0.44176E+03   0.76202E+02  -0.51797E+03   0.51315E+00  -0.10408E+01
28350  -0.44176E+03   0.70090E+02  -0.51185E+03   0.47198E+00  -0.79447E+00
28400  -0.44176E+03   0.78038E+02  -0.51980E+03   0.52551E+00  -0.10856E+01
28450  -0.44176E+03   0.75206E+02  -0.51697E+03   0.50643E+00  -0.97129E+00
28500  -0.44176E+03   0.76588E+02  -0.51835E+03   0.51574E+00  -0.99281E+00
28550  -0.44176E+03   0.74276E+02  -0.51604E+03   0.50018E+00  -0.93151E+00
28600  -0.44176E+03   0.81626E+02  -0.52339E+03   0.54967E+00  -0.12891E+01
28650  -0.44176E+03   0.82562E+02  -0.52433E+03   0.55597E+00  -0.14152E+01
28700  -0.44176E+03   0.81409E+02  -0.52317E+03   0.54821E+00  -0.14039E+01
28750  -0.44176E+03   0.79893E+02  -0.52166E+03   0.53800E+00  -0.13703E+01
28800  -0.44176E+03   0.79980E+02  -0.52174E+03   0.53859E+00  -0.14281E+01
28850  -0.44176E+03   0.77997E+02  -0.51976E+03   0.52523E+00  -0.13665E+01
28900  -0.44176E+03   0.75069E+02  -0.51683E+03   0.50552E+00  -0.11683E+01
28950  -0.44176E+03   0.71658E+02  -0.51342E+03   0.48254E+00  -0.95428E+00
29000  -0.44176E+03   0.76362E+02  -0.51813E+03   0.51422E+00  -0.11214E+01
29050  -0.44176E+03   0.80316E+02  -0.52208E+03   0.54085E+00  -0.12672E+01
29100  -0.44176E+03   0.73173E+02  -0.51494E+03   0.49275E+00  -0.92841E+00
29150  -0.44176E+03   0.77837E+02  -0.51960E+03   0.52416E+00  -0.10166E+01
29200  -0.44176E+03   0.79457E+02  -0.52122E+03   0.53506E+00  -0.99478E+00
29250  -0.44176E+03   0.72171E+02  -0.51393E+03   0.48600E+00  -0.66248E+00
29300  -0.44176E+03   0.73720E+02  -0.51548E+03   0.49643E+00  -0.74867E+00
29350  -0.44176E+03   0.77709E+02  -0.51947E+03   0.52329E+00  -0.10063E+01
29400  -0.44176E+03   0.80388E+02  -0.52215E+03   0.54134E+00  -0.11818E+01
29450  -0.44176E+03   0.84714E+02  -0.52648E+03   0.57047E+00  -0.13128E+01
29500  -0.44176E+03   0.78836E+02  -0.52060E+03   0.53089E+00  -0.10527E+01
29550  -0.44176E+03   0.83758E+02  -0.52552E+03   0.56403E+00  -0.12393E+01
29600  -0.44176E+03   0.74063E+02  -0.51583E+03   0.49874E+00  -0.94814E+00
29650  -0.44176E+03   0.83104E+02  -0.52487E+03   0.55963E+00  -0.13419E+01
29700  -0.44176E+03   0.89428E+02  -0.53119E+03   0.60221E+00  -0.15962E+01
29750  -0.44176E+03   0.82021E+02  -0.52378E+03   0.55233E+00  -0.12632E+01
29800  -0.44176E+03   0.77512E+02  -0.51928E+03   0.52197E+00  -0.10377E+01
29850  -0.44176E+03   0.77991E+02  -0.51975E+03   0.52519E+00  -0.10746E+01
29900  -0.44176E+03   0.76852E+02  -0.51862E+03   0.51752E+00  -0.10194E+01
29950  -0.44176E+03   0.76859E+02  -0.51862E+03   0.51757E+00  -0.10133E+01
30000  -0.44176E+03   0.77507E+02  -0.51927E+03   0.52193E+00  -0.10912E+01
30050  -0.44176E+03   0.77314E+02  -0.51908E+03   0.52063E+00  -0.11269E+01
30100  -0.44176E+03   0.77181E+02  -0.51894E+03   0.51974E+00  -0.10800E+01
30150  -0.44176E+03   0.75889E+02  -0.51765E+03   0.51104E+00  -0.90240E+00
30200  -0.44176E+03   0.72616E+02  -0.51438E+03   0.48900E+00  -0.65717E+00
30250  -0.44176E+03   0.74612E+02  -0.51638E+03   0.50244E+00  -0.70174E+00
30300  -0.44176E+03   0.79917E+02  -0.52168E+03   0.53816E+00  -0.97197E+00
30350  -0.44176E+03   0.73540E+02  -0.51530E+03   0.49522E+00  -0.81071E+00
30400  -0.44176E+03   0.72881E+02  -0.51465E+03   0.49078E+00  -0.85265E+00
30450  -0.44176E+03   0.75542E+02  -0.51731E+03   0.50870E+00  -0.10091E+01
30500  -0.44176E+03   0.75087E+02  -0.51685E+03   0.50564E+00  -0.99878E+00
30550  -0.44176E+03   0.78960E+02  -0.52072E+03   0.53172E+00  -0.11400E+01
30600  -0.44176E+03   0.82806E+02  -0.52457E+03   0.55762E+00  -0.12826E+01
30650  -0.44176E+03   0.78643E+02  -0.52041E+03   0.52958E+00  -0.11381E+01
30700  -0.44176E+03   0.80120E+02  -0.52188E+03   0.53953E+00  -0.12026E+01
30750  -0.44176E+03   0.81386E+02  -0.52315E+03   0.54806E+00  -0.12596E+01
30800  -0.44176E+03   0.75570E+02  -0.51733E+03   0.50889E+00  -0.10206E+01
30850  -0.44176E+03   0.70614E+02  -0.51238E+03   0.47551E+00  -0.81507E+00
30900  -0.44176E+03   0.75610E+02  -0.51737E+03   0.50916E+00  -0.10156E+01
30950  -0.44176E+03   0.75456E+02  -0.51722E+03   0.50812E+00  -0.10329E+01
31000  -0.44176E+03   0.76264E+02  -0.51803E+03   0.51356E+00  -0.10660E+01
31050  -0.44176E+03   0.79925E+02  -0.52169E+03   0.53822E+00  -0.12219E+01
31100  -0.44176E+03   0.77204E+02  -0.51897E+03   0.51989E+00  -0.11452E+01
31150  -0.44176E+03   0.79345E+02  -0.52111E+03   0.53431E+00  -0.12476E+01
31200  -0.44176E+03   0.72373E+02  -0.51414E+03   0.48736E+00  -0.97761E+00
31250  -0.44176E+03   0.74126E+02  -0.51589E+03   0.49917E+00  -0.99741E+00
31300  -0.44176E+03   0.81361E+02  -0.52313E+03   0.54789E+00  -0.12732E+01
31350  -0.44176E+03   0.76453E+02  -0.51822E+03   0.51483E+00  -0.10515E+01
31400  -0.44176E+03   0.71636E+02  -0.51340E+03   0.48240E+00  -0.84934E+00
31450  -0.44176E+03   0.72705E+02  -0.51447E+03   0.48959E+00  -0.97420E+00
31500  -0.44176E+03   0.76815E+02  -0.51858E+03   0.51727E+00  -0.11772E+01
31550  -0.44176E+03   0.75395E+02  -0.51716E+03   0.50771E+00  -0.11109E+01
31600  -0.44177E+03   0.79142E+02  -0.52091E+03   0.53295E+00  -0.12474E+01
31650  -0.44176E+03   0.70658E+02  -0.51242E+03   0.47581E+00  -0.89744E+00
31700  -0.44176E+03   0.72303E+02  -0.51407E+03   0.48689E+00  -0.93718E+00
31750  -0.44176E+03   0.85089E+02  -0.52685E+03   0.57299E+00  -0.15169E+01
31800  -0.44176E+03   0.85452E+02  -0.52722E+03   0.57544E+00  -0.16029E+01
31850  -0.44176E+03   0.74963E+02  -0.51673E+03   0.50480E+00  -0.11393E+01
31900  -0.44176E+03   0.73605E+02  -0.51537E+03   0.49565E+00  -0.10009E+01
31950  -0.44176E+03   0.78439E+02  -0.52020E+03   0.52821E+00  -0.11853E+01
32000  -0.44176E+03   0.76636E+02  -0.51840E+03   0.51607E+00  -0.12186E+01
32050  -0.44176E+03   0.84353E+02  -0.52612E+03   0.56803E+00  -0.15125E+01
32100  -0.44176E+03   0.83440E+02  -0.52520E+03   0.56189E+00  -0.13887E+01
32150  -0.44176E+03   0.76228E+02  -0.51799E+03   0.51332E+00  -0.10625E+01
32200  -0.44176E+03   0.74442E+02  -0.51621E+03   0.50129E+00  -0.10454E+01
32250  -0.44176E+03   0.80387E+02  -0.52215E+03   0.54133E+00  -0.13990E+01
32300  -0.44176E+03   0.83193E+02  -0.52496E+03   0.56022E+00  -0.15509E+01
32350  -0.44176E+03   0.70426E+02  -0.51219E+03   0.47425E+00  -0.10202E+01
32400  -0.44176E+03   0.80306E+02  -0.52207E+03   0.54078E+00  -0.13081E+01
32450  -0.44176E+03   0.76473E+02  -0.51824E+03   0.51497E+00  -0.11628E+01
32500  -0.44176E+03   0.67877E+02  -0.50964E+03   0.45708E+00  -0.87610E+00
32550  -0.44176E+03   0.75265E+02  -0.51703E+03   0.50683E+00  -0.11301E+01
32600  -0.44176E+03   0.72343E+02  -0.51411E+03   0.48716E+00  -0.97391E+00
32650  -0.44177E+03   0.81043E+02  -0.52281E+03   0.54575E+00  -0.12680E+01
32700  -0.44176E+03   0.79262E+02  -0.52103E+03   0.53375E+00  -0.11993E+01
32750  -0.44176E+03   0.78552E+02  -0.52032E+03   0.52897E+00  -0.11238E+01
32800  -0.44176E+03   0.77850E+02  -0.51961E+03   0.52424E+00  -0.10430E+01
32850  -0.44176E+03   0.79640E+02  -0.52140E+03   0.53630E+00  -0.10989E+01
32900  -0.44176E+03   0.77646E+02  -0.51941E+03   0.52287E+00  -0.10424E+01
32950  -0.44176E+03   0.78498E+02  -0.52026E+03   0.52861E+00  -0.11079E+01
33000  -0.44177E+03   0.79002E+02  -0.52077E+03   0.53200E+00  -0.11698E+01
33050  -0.44176E+03   0.74352E+02  -0.51612E+03   0.50069E+00  -0.10024E+01
33100  -0.44176E+03   0.74473E+02  -0.51624E+03   0.50150E+00  -0.99629E+00
33150  -0.44176E+03   0.73821E+02  -0.51559E+03   0.49711E+00  -0.10258E+01
33200  -0.44176E+03   0.74529E+02  -0.51629E+03   0.50188E+00  -0.11253E+01
33250  -0.44176E+03   0.69619E+02  -0.51138E+03   0.46882E+00  -0.99907E+00
33300  -0.44176E+03   0.77657E+02  -0.51942E+03   0.52294E+00  -0.12763E+01
33350  -0.44176E+03   0.67788E+02  -0.50955E+03   0.45648E+00  -0.87007E+00
33400  -0.44176E+03   0.71883E+02  -0.51365E+03   0.48406E+00  -0.98843E+00
33450  -0.44176E+03   0.75025E+02  -0.51679E+03   0.50522E+00  -0.11309E+01
33500  -0.44176E+03   0.78658E+02  -0.52042E+03   0.52968E+00  -0.12498E+01
33550  -0.44176E+03   0.74814E+02  -0.51658E+03   0.50380E+00  -0.10487E+01
33600  -0.44176E+03   0.71853E+02  -0.51362E+03   0.48386E+00  -0.93884E+00
33650  -0.44176E+03   0.73683E+02  -0.51545E+03   0.49618E+00  -0.10355E+01
33700  -0.44176E+03   0.80958E+02  -0.52272E+03   0.54517E+00  -0.12868E+01
33750  -0.44177E+03   0.78052E+02  -0.51982E+03   0.52560E+00  -0.11162E+01
33800  -0.44176E+03   0.65112E+02  -0.50688E+03   0.43847E+00  -0.57454E+00
33850  -0.44177E+03   0.74208E+02  -0.51597E+03   0.49971E+00  -0.86698E+00
33900  -0.44176E+03   0.71363E+02  -0.51313E+03   0.48056E+00  -0.76548E+00
33950  -0.44176E+03   0.72401E+02  -0.51417E+03   0.48755E+00  -0.83051E+00
34000  -0.44176E+03   0.83300E+02  -0.52507E+03   0.56094E+00  -0.12220E+01
34050  -0.44176E+03   0.79287E+02  -0.52105E+03   0.53392E+00  -0.97484E+00
34100  -0.44176E+03   0.73811E+02  -0.51558E+03   0.49704E+00  -0.67963E+00
34150  -0.44176E+03   0.78259E+02  -0.52002E+03   0.52700E+00  -0.89358E+00
34200  -0.44176E+03   0.83187E+02  -0.52495E+03   0.56018E+00  -0.12596E+01
34250  -0.44176E+03   0.75594E+02  -0.51736E+03   0.50905E+00  -0.10888E+01
34300  -0.44176E+03   0.71825E+02  -0.51359E+03   0.48367E+00  -0.93473E+00
34350  -0.44176E+03   0.68051E+02  -0.50982E+03   0.45826E+00  -0.77041E+00
34400  -0.44176E+03   0.73228E+02  -0.51499E+03   0.49312E+00  -0.96446E+00
34450  -0.44176E+03   0.69555E+02  -0.51132E+03   0.46838E+00  -0.80440E+00
34500  -0.44176E+03   0.62772E+02  -0.50454E+03   0.42271E+00  -0.51553E+00
34550  -0.44176E+03   0.75568E+02  -0.51733E+03   0.50888E+00  -0.10167E+01
34600  -0.44176E+03   0.78695E+02  -0.52046E+03   0.52993E+00  -0.11552E+01
34650  -0.44176E+03   0.69534E+02  -0.51130E+03   0.46824E+00  -0.85031E+00
34700  -0.44176E+03   0.76030E+02  -0.51779E+03   0.51198E+00  -0.11118E+01
34750  -0.44176E+03   0.75059E+02  -0.51682E+03   0.50545E+00  -0.99955E+00
34800  -0.44176E+03   0.68899E+02  -0.51066E+03   0.46396E+00  -0.68585E+00
34850  -0.44176E+03   0.67215E+02  -0.50898E+03   0.45263E+00  -0.63217E+00
34900  -0.44176E+03   0.69163E+02  -0.51093E+03   0.46574E+00  -0.71540E+00
34950  -0.44176E+03   0.72629E+02  -0.51439E+03   0.48909E+00  -0.79935E+00
35000  -0.44176E+03   0.70393E+02  -0.51216E+03   0.47403E+00  -0.63585E+00
35050  -0.44176E+03   0.77145E+02  -0.51891E+03   0.51950E+00  -0.88179E+00
35100  -0.44176E+03   0.81842E+02  -0.52361E+03   0.55113E+00  -0.11292E+01
35150  -0.44176E+03   0.78583E+02  -0.52035E+03   0.52918E+00  -0.10066E+01
35200  -0.44176E+03   0.73666E+02  -0.51543E+03   0.49607E+00  -0.81177E+00
35250  -0.44176E+03   0.75701E+02  -0.51747E+03   0.50977E+00  -0.92294E+00
35300  -0.44176E+03   0.82150E+02  -0.52392E+03   0.55320E+00  -0.11921E+01
35350  -0.44177E+03   0.80675E+02  -0.52244E+03   0.54327E+00  -0.10612E+01
35400  -0.44176E+03   0.71250E+02  -0.51302E+03   0.47980E+00  -0.63408E+00
35450  -0.44177E+03   0.76240E+02  -0.51801E+03   0.51340E+00  -0.77992E+00
35500  -0.44176E+03   0.75662E+02  -0.51743E+03   0.50951E+00  -0.74401E+00
35550  -0.44176E+03   0.74815E+02  -0.51658E+03   0.50380E+00  -0.70702E+00
35600  -0.44177E+03   0.79003E+02  -0.52077E+03   0.53200E+00  -0.86326E+00
35650  -0.44176E+03   0.77521E+02  -0.51929E+03   0.52203E+00  -0.82214E+00
35700  -0.44176E+03   0.75164E+02  -0.51693E+03   0.50615E+00  -0.75433E+00
35750  -0.44176E+03   0.76383E+02  -0.51815E+03   0.51437E+00  -0.90744E+00
35800  -0.44176E+03   0.80552E+02  -0.52232E+03   0.54244E+00  -0.11968E+01
35850  -0.44176E+03   0.78253E+02  -0.52002E+03   0.52696E+00  -0.11445E+01
35900  -0.44176E+03   0.73897E+02  -0.51566E+03   0.49762E+00  -0.87883E+00
35950  -0.44176E+03   0.67425E+02  -0.50919E+03   0.45404E+00  -0.51978E+00
36000  -0.44176E+03   0.68042E+02  -0.50981E+03   0.45820E+00  -0.51380E+00
36050  -0.44176E+03   0.69231E+02  -0.51100E+03   0.46621E+00  -0.66358E+00
36100  -0.44177E+03   0.80176E+02  -0.52194E+03   0.53990E+00  -0.11449E+01
36150  -0.44176E+03   0.77872E+02  -0.51964E+03   0.52439E+00  -0.10644E+01
36200  -0.44176E+03   0.80112E+02  -0.52188E+03   0.53947E+00  -0.12005E+01
36250  -0.44176E+03   0.83374E+02  -0.52514E+03   0.56144E+00  -0.14029E+01
36300  -0.44176E+03   0.77908E+02  -0.51967E+03   0.52463E+00  -0.12299E+01
36350  -0.44177E+03   0.78163E+02  -0.51993E+03   0.52635E+00  -0.12112E+01
36400  -0.44176E+03   0.74879E+02  -0.51664E+03   0.50424E+00  -0.10059E+01
36450  -0.44176E+03   0.72238E+02  -0.51400E+03   0.48645E+00  -0.87992E+00
36500  -0.44176E+03   0.75987E+02  -0.51775E+03   0.51170E+00  -0.10675E+01
36550  -0.44176E+03   0.72113E+02  -0.51388E+03   0.48561E+00  -0.99566E+00
36600  -0.44177E+03   0.81421E+02  -0.52319E+03   0.54829E+00  -0.13500E+01
36650  -0.44176E+03   0.75857E+02  -0.51762E+03   0.51082E+00  -0.10784E+01
36700  -0.44176E+03   0.74201E+02  -0.51597E+03   0.49967E+00  -0.89713E+00
36750  -0.44176E+03   0.69342E+02  -0.51111E+03   0.46695E+00  -0.69342E+00
36800  -0.44176E+03   0.75131E+02  -0.51689E+03   0.50593E+00  -0.95125E+00
36850  -0.44176E+03   0.80464E+02  -0.52223E+03   0.54184E+00  -0.12756E+01
36900  -0.44176E+03   0.78140E+02  -0.51990E+03   0.52619E+00  -0.12565E+01
36950  -0.44176E+03   0.76648E+02  -0.51841E+03   0.51615E+00  -0.11357E+01
37000  -0.44176E+03   0.72361E+02  -0.51412E+03   0.48728E+00  -0.88599E+00
37050  -0.44176E+03   0.75933E+02  -0.51770E+03   0.51133E+00  -0.90740E+00
37100  -0.44176E+03   0.73364E+02  -0.51513E+03   0.49403E+00  -0.70646E+00
37150  -0.44176E+03   0.72775E+02  -0.51454E+03   0.49007E+00  -0.67278E+00
37200  -0.44176E+03   0.77789E+02  -0.51955E+03   0.52383E+00  -0.92563E+00
37250  -0.44176E+03   0.77794E+02  -0.51956E+03   0.52386E+00  -0.99530E+00
37300  -0.44176E+03   0.81871E+02  -0.52364E+03   0.55132E+00  -0.11725E+01
37350  -0.44176E+03   0.78943E+02  -0.52071E+03   0.53160E+00  -0.10885E+01
37400  -0.44176E+03   0.72408E+02  -0.51417E+03   0.48760E+00  -0.87219E+00
37450  -0.44176E+03   0.75067E+02  -0.51683E+03   0.50550E+00  -0.94173E+00
37500  -0.44176E+03   0.73064E+02  -0.51483E+03   0.49201E+00  -0.85770E+00
37550  -0.44176E+03   0.76393E+02  -0.51816E+03   0.51443E+00  -0.98591E+00
37600  -0.44176E+03   0.78702E+02  -0.52047E+03   0.52998E+00  -0.10431E+01
37650  -0.44176E+03   0.72963E+02  -0.51473E+03   0.49133E+00  -0.77341E+00
37700  -0.44176E+03   0.74500E+02  -0.51626E+03   0.50168E+00  -0.82846E+00
37750  -0.44176E+03   0.75964E+02  -0.51773E+03   0.51154E+00  -0.98209E+00
37800  -0.44176E+03   0.75707E+02  -0.51747E+03   0.50981E+00  -0.10839E+01
37850  -0.44176E+03   0.69165E+02  -0.51093E+03   0.46576E+00  -0.95636E+00
37900  -0.44176E+03   0.79248E+02  -0.52101E+03   0.53366E+00  -0.13550E+01
37950  -0.44176E+03   0.70809E+02  -0.51257E+03   0.47683E+00  -0.97251E+00
38000  -0.44176E+03   0.65510E+02  -0.50727E+03   0.44115E+00  -0.71054E+00
38050  -0.44176E+03   0.73326E+02  -0.51509E+03   0.49378E+00  -0.10249E+01
38100  -0.44176E+03   0.69357E+02  -0.51112E+03   0.46705E+00  -0.89128E+00
38150  -0.44176E+03   0.68024E+02  -0.50979E+03   0.45808E+00  -0.83937E+00
38200  -0.44176E+03   0.72078E+02  -0.51384E+03   0.48537E+00  -0.10019E+01
38250  -0.44176E+03   0.72541E+02  -0.51430E+03   0.48849E+00  -0.99060E+00
38300  -0.44176E+03   0.67751E+02  -0.50951E+03   0.45624E+00  -0.75944E+00
38350  -0.44176E+03   0.75384E+02  -0.51715E+03   0.50764E+00  -0.10235E+01
38400  -0.44176E+03   0.79872E+02  -0.52164E+03   0.53786E+00  -0.11841E+01
38450  -0.44176E+03   0.78822E+02  -0.52059E+03   0.53079E+00  -0.11370E+01
38500  -0.44176E+03   0.75780E+02  -0.51754E+03   0.51030E+00  -0.10612E+01
38550  -0.44176E+03   0.79955E+02  -0.52172E+03   0.53842E+00  -0.12523E+01
38600  -0.44176E+03   0.76021E+02  -0.51779E+03   0.51193E+00  -0.10897E+01
38650  -0.44176E+03   0.65528E+02  -0.50729E+03   0.44127E+00  -0.66240E+00
38700  -0.44176E+03   0.73477E+02  -0.51524E+03   0.49479E+00  -0.99481E+00
38750  -0.44176E+03   0.76885E+02  -0.51865E+03   0.51775E+00  -0.11811E+01
38800  -0.44176E+03   0.74364E+02  -0.51613E+03   0.50076E+00  -0.10394E+01
38850  -0.44176E+03   0.70412E+02  -0.51218E+03   0.47416E+00  -0.86945E+00
38900  -0.44176E+03   0.78947E+02  -0.52071E+03   0.53163E+00  -0.12832E+01
38950  -0.44176E+03   0.84158E+02  -0.52592E+03   0.56672E+00  -0.15519E+01
39000  -0.44176E+03   0.80131E+02  -0.52189E+03   0.53960E+00  -0.13677E+01
39050  -0.44176E+03   0.76022E+02  -0.51778E+03   0.51193E+00  -0.11348E+01
39100  -0.44176E+03   0.71891E+02  -0.51365E+03   0.48411E+00  -0.90795E+00
39150  -0.44176E+03   0.72910E+02  -0.51467E+03   0.49098E+00  -0.94284E+00
39200  -0.44176E+03   0.73601E+02  -0.51536E+03   0.49563E+00  -0.10749E+01
39250  -0.44176E+03   0.76987E+02  -0.51875E+03   0.51843E+00  -0.12951E+01
39300  -0.44176E+03   0.78618E+02  -0.52038E+03   0.52941E+00  -0.13781E+01
39350  -0.44176E+03   0.78395E+02  -0.52016E+03   0.52791E+00  -0.13665E+01
39400  -0.44176E+03   0.80414E+02  -0.52218E+03   0.54151E+00  -0.14336E+01
39450  -0.44176E+03   0.74416E+02  -0.51618E+03   0.50112E+00  -0.11915E+01
39500  -0.44176E+03   0.73807E+02  -0.51557E+03   0.49701E+00  -0.11309E+01
39550  -0.44176E+03   0.85151E+02  -0.52692E+03   0.57341E+00  -0.14762E+01
39600  -0.44176E+03   0.80344E+02  -0.52211E+03   0.54104E+00  -0.12411E+01
39650  -0.44176E+03   0.81007E+02  -0.52277E+03   0.54550E+00  -0.11901E+01
39700  -0.44176E+03   0.69839E+02  -0.51160E+03   0.47030E+00  -0.68299E+00
39750  -0.44176E+03   0.73514E+02  -0.51528E+03   0.49504E+00  -0.77917E+00
39800  -0.44176E+03   0.74641E+02  -0.51641E+03   0.50263E+00  -0.82479E+00
39850  -0.44176E+03   0.72229E+02  -0.51399E+03   0.48639E+00  -0.75907E+00
39900  -0.44176E+03   0.80181E+02  -0.52194E+03   0.53994E+00  -0.10857E+01
39950  -0.44176E+03   0.80934E+02  -0.52270E+03   0.54501E+00  -0.11304E+01
40000  -0.44176E+03   0.77929E+02  -0.51969E+03   0.52478E+00  -0.10630E+01
40050  -0.44176E+03   0.79820E+02  -0.52158E+03   0.53751E+00  -0.11792E+01
40100  -0.44176E+03   0.76281E+02  -0.51804E+03   0.51368E+00  -0.10707E+01
40150  -0.44176E+03   0.79565E+02  -0.52133E+03   0.53579E+00  -0.11829E+01
40200  -0.44176E+03   0.74977E+02  -0.51674E+03   0.50490E+00  -0.10178E+01
40250  -0.44176E+03   0.79021E+02  -0.52079E+03   0.53213E+00  -0.11412E+01
40300  -0.44176E+03   0.70166E+02  -0.51193E+03   0.47250E+00  -0.75758E+00
40350  -0.44176E+03   0.74662E+02  -0.51643E+03   0.50277E+00  -0.89213E+00
40400  -0.44176E+03   0.81653E+02  -0.52342E+03   0.54985E+00  -0.11797E+01
40450  -0.44176E+03   0.78448E+02  -0.52021E+03   0.52827E+00  -0.10098E+01
40500  -0.44176E+03   0.76518E+02  -0.51828E+03   0.51527E+00  -0.87330E+00
40550  -0.44176E+03   0.77182E+02  -0.51895E+03   0.51975E+00  -0.95534E+00
40600  -0.44176E+03   0.76671E+02  -0.51843E+03   0.51631E+00  -0.11094E+01
40650  -0.44176E+03   0.79445E+02  -0.52121E+03   0.53499E+00  -0.12897E+01
40700  -0.44176E+03   0.76793E+02  -0.51856E+03   0.51713E+00  -0.12463E+01
40750  -0.44176E+03   0.81413E+02  -0.52318E+03   0.54824E+00  -0.14400E+01
40800  -0.44176E+03   0.80335E+02  -0.52210E+03   0.54098E+00  -0.12956E+01
40850  -0.44176E+03   0.73680E+02  -0.51544E+03   0.49616E+00  -0.94056E+00
40900  -0.44176E+03   0.75000E+02  -0.51676E+03   0.50505E+00  -0.10056E+01
40950  -0.44176E+03   0.79264E+02  -0.52103E+03   0.53376E+00  -0.11902E+01
41000  -0.44176E+03   0.73427E+02  -0.51519E+03   0.49446E+00  -0.10152E+01
41050  -0.44176E+03   0.85965E+02  -0.52773E+03   0.57889E+00  -0.15364E+01
41100  -0.44176E+03   0.81597E+02  -0.52336E+03   0.54947E+00  -0.14603E+01
41150  -0.44176E+03   0.77494E+02  -0.51926E+03   0.52184E+00  -0.13334E+01
41200  -0.44176E+03   0.78929E+02  -0.52069E+03   0.53151E+00  -0.13803E+01
41250  -0.44176E+03   0.70797E+02  -0.51256E+03   0.47675E+00  -0.10182E+01
41300  -0.44176E+03   0.66651E+02  -0.50841E+03   0.44883E+00  -0.77595E+00
41350  -0.44176E+03   0.73718E+02  -0.51548E+03   0.49642E+00  -0.10122E+01
41400  -0.44177E+03   0.76140E+02  -0.51791E+03   0.51273E+00  -0.10656E+01
41450  -0.44176E+03   0.70846E+02  -0.51261E+03   0.47708E+00  -0.83592E+00
41500  -0.44176E+03   0.70973E+02  -0.51274E+03   0.47793E+00  -0.84756E+00
41550  -0.44176E+03   0.71207E+02  -0.51297E+03   0.47951E+00  -0.90343E+00
41600  -0.44176E+03   0.79453E+02  -0.52122E+03   0.53504E+00  -0.12469E+01
41650  -0.44177E+03   0.88045E+02  -0.52981E+03   0.59289E+00  -0.15703E+01
41700  -0.44176E+03   0.78525E+02  -0.52029E+03   0.52879E+00  -0.11661E+01
41750  -0.44177E+03   0.79534E+02  -0.52130E+03   0.53558E+00  -0.11681E+01
41800  -0.44177E+03   0.75112E+02  -0.51688E+03   0.50580E+00  -0.98615E+00
41850  -0.44177E+03   0.76974E+02  -0.51874E+03   0.51835E+00  -0.10417E+01
41900  -0.44177E+03   0.79431E+02  -0.52120E+03   0.53489E+00  -0.12028E+01
41950  -0.44177E+03   0.82370E+02  -0.52414E+03   0.55468E+00  -0.13237E+01
42000  -0.44177E+03   0.73346E+02  -0.51511E+03   0.49392E+00  -0.91305E+00
42050  -0.44177E+03   0.76565E+02  -0.51833E+03   0.51559E+00  -0.98876E+00
42100  -0.44177E+03   0.75956E+02  -0.51772E+03   0.51149E+00  -0.99150E+00
42150  -0.44177E+03   0.74854E+02  -0.51662E+03   0.50407E+00  -0.97703E+00
42200  -0.44177E+03   0.74853E+02  -0.51662E+03   0.50406E+00  -0.93399E+00
42250  -0.44176E+03   0.68859E+02  -0.51062E+03   0.46370E+00  -0.60809E+00
42300  -0.44176E+03   0.71010E+02  -0.51277E+03   0.47819E+00  -0.65217E+00
42350  -0.44177E+03   0.78864E+02  -0.52063E+03   0.53107E+00  -0.10465E+01
42400  -0.44176E+03   0.77397E+02  -0.51916E+03   0.52119E+00  -0.10913E+01
42450  -0.44176E+03   0.76239E+02  -0.51800E+03   0.51340E+00  -0.10716E+01
42500  -0.44177E+03   0.72807E+02  -0.51457E+03   0.49028E+00  -0.89181E+00
42550  -0.44176E+03   0.70012E+02  -0.51178E+03   0.47146E+00  -0.79977E+00
42600  -0.44177E+03   0.82403E+02  -0.52417E+03   0.55490E+00  -0.13174E+01
42650  -0.44176E+03   0.75412E+02  -0.51718E+03   0.50783E+00  -0.10785E+01
42700  -0.44176E+03   0.77357E+02  -0.51912E+03   0.52092E+00  -0.10877E+01
42750  -0.44177E+03   0.78542E+02  -0.52031E+03   0.52890E+00  -0.10847E+01
42800  -0.44176E+03   0.69657E+02  -0.51142E+03   0.46907E+00  -0.72439E+00
42850  -0.44177E+03   0.76367E+02  -0.51813E+03   0.51426E+00  -0.96669E+00
42900  -0.44177E+03   0.78273E+02  -0.52004E+03   0.52709E+00  -0.10759E+01
42950  -0.44177E+03   0.76509E+02  -0.51827E+03   0.51521E+00  -0.10471E+01
43000  -0.44177E+03   0.79870E+02  -0.52164E+03   0.53785E+00  -0.11828E+01
43050  -0.44177E+03   0.81377E+02  -0.52314E+03   0.54799E+00  -0.12659E+01
43100  -0.44177E+03   0.87112E+02  -0.52888E+03   0.58661E+00  -0.15204E+01
43150  -0.44176E+03   0.77950E+02  -0.51971E+03   0.52491E+00  -0.11868E+01
43200  -0.44176E+03   0.70208E+02  -0.51197E+03   0.47278E+00  -0.89682E+00
43250  -0.44177E+03   0.82739E+02  -0.52450E+03   0.55716E+00  -0.13842E+01
43300  -0.44177E+03   0.78839E+02  -0.52060E+03   0.53090E+00  -0.12410E+01
43350  -0.44177E+03   0.74452E+02  -0.51622E+03   0.50136E+00  -0.10516E+01
43400  -0.44177E+03   0.75942E+02  -0.51771E+03   0.51139E+00  -0.11081E+01
43450  -0.44177E+03   0.72473E+02  -0.51424E+03   0.48804E+00  -0.99358E+00
43500  -0.44177E+03   0.72949E+02  -0.51471E+03   0.49124E+00  -0.10430E+01
43550  -0.44177E+03   0.87601E+02  -0.52937E+03   0.58991E+00  -0.16653E+01
43600  -0.44176E+03   0.79993E+02  -0.52176E+03   0.53867E+00  -0.14299E+01
43650  -0.44177E+03   0.78596E+02  -0.52036E+03   0.52926E+00  -0.13639E+01
43700  -0.44176E+03   0.76736E+02  -0.51850E+03   0.51674E+00  -0.12448E+01
43750  -0.44177E+03   0.81641E+02  -0.52341E+03   0.54977E+00  -0.13502E+01
43800  -0.44176E+03   0.77056E+02  -0.51882E+03   0.51889E+00  -0.11624E+01
43850  -0.44176E+03   0.79385E+02  -0.52115E+03   0.53458E+00  -0.11952E+01
43900  -0.44176E+03   0.72274E+02  -0.51404E+03   0.48669E+00  -0.83393E+00
43950  -0.44176E+03   0.72119E+02  -0.51388E+03   0.48565E+00  -0.75459E+00
44000  -0.44176E+03   0.72093E+02  -0.51386E+03   0.48548E+00  -0.74038E+00
44050  -0.44176E+03   0.70814E+02  -0.51258E+03   0.47686E+00  -0.72420E+00
44100  -0.44176E+03   0.80372E+02  -0.52214E+03   0.54122E+00  -0.11094E+01
44150  -0.44176E+03   0.76176E+02  -0.51794E+03   0.51297E+00  -0.97191E+00
44200  -0.44176E+03   0.70432E+02  -0.51220E+03   0.47429E+00  -0.73184E+00
44250  -0.44176E+03   0.73066E+02  -0.51483E+03   0.49203E+00  -0.81458E+00
44300  -0.44176E+03   0.74634E+02  -0.51640E+03   0.50259E+00  -0.93082E+00
44350  -0.44177E+03   0.79299E+02  -0.52106E+03   0.53400E+00  -0.11469E+01
44400  -0.44176E+03   0.74922E+02  -0.51669E+03   0.50453E+00  -0.95969E+00
44450  -0.44176E+03   0.73416E+02  -0.51518E+03   0.49438E+00  -0.82026E+00
44500  -0.44176E+03   0.69679E+02  -0.51144E+03   0.46922E+00  -0.67870E+00
44550  -0.44176E+03   0.72463E+02  -0.51423E+03   0.48796E+00  -0.86575E+00
44600  -0.44176E+03   0.73674E+02  -0.51544E+03   0.49612E+00  -0.97350E+00
44650  -0.44177E+03   0.77897E+02  -0.51966E+03   0.52456E+00  -0.11052E+01
44700  -0.44176E+03   0.79441E+02  -0.52121E+03   0.53496E+00  -0.11588E+01
44750  -0.44177E+03   0.78891E+02  -0.52066E+03   0.53125E+00  -0.11890E+01
44800  -0.44176E+03   0.73609E+02  -0.51537E+03   0.49569E+00  -0.10576E+01
44850  -0.44176E+03   0.71301E+02  -0.51307E+03   0.48014E+00  -0.10060E+01
44900  -0.44176E+03   0.78274E+02  -0.52004E+03   0.52710E+00  -0.11990E+01
44950  -0.44176E+03   0.73301E+02  -0.51506E+03   0.49361E+00  -0.97330E+00
45000  -0.44176E+03   0.78930E+02  -0.52069E+03   0.53152E+00  -0.11928E+01
45050  -0.44176E+03   0.78757E+02  -0.52052E+03   0.53035E+00  -0.12162E+01
45100  -0.44176E+03   0.73775E+02  -0.51554E+03   0.49680E+00  -0.10012E+01
45150  -0.44176E+03   0.69337E+02  -0.51110E+03   0.46692E+00  -0.76439E+00
45200  -0.44176E+03   0.70482E+02  -0.51225E+03   0.47462E+00  -0.70929E+00
45250  -0.44176E+03   0.66861E+02  -0.50863E+03   0.45024E+00  -0.50990E+00
45300  -0.44176E+03   0.66089E+02  -0.50785E+03   0.44504E+00  -0.47667E+00
45350  -0.44177E+03   0.77682E+02  -0.51945E+03   0.52311E+00  -0.94149E+00
45400  -0.44176E+03   0.79988E+02  -0.52175E+03   0.53864E+00  -0.10618E+01
45450  -0.44176E+03   0.73092E+02  -0.51486E+03   0.49220E+00  -0.78766E+00
45500  -0.44176E+03   0.72670E+02  -0.51443E+03   0.48936E+00  -0.79420E+00
45550  -0.44176E+03   0.80056E+02  -0.52182E+03   0.53910E+00  -0.11599E+01
45600  -0.44176E+03   0.82453E+02  -0.52422E+03   0.55524E+00  -0.13520E+01
45650  -0.44176E+03   0.83060E+02  -0.52482E+03   0.55933E+00  -0.14287E+01
45700  -0.44176E+03   0.79124E+02  -0.52089E+03   0.53282E+00  -0.12394E+01
45750  -0.44176E+03   0.74401E+02  -0.51616E+03   0.50102E+00  -0.99160E+00
45800  -0.44176E+03   0.73054E+02  -0.51482E+03   0.49195E+00  -0.93681E+00
45850  -0.44176E+03   0.74204E+02  -0.51597E+03   0.49969E+00  -0.98167E+00
45900  -0.44176E+03   0.75118E+02  -0.51688E+03   0.50584E+00  -0.10200E+01
45950  -0.44176E+03   0.80480E+02  -0.52224E+03   0.54195E+00  -0.12656E+01
46000  -0.44176E+03   0.74086E+02  -0.51585E+03   0.49889E+00  -0.11010E+01
46050  -0.44176E+03   0.78867E+02  -0.52063E+03   0.53109E+00  -0.13296E+01
46100  -0.44176E+03   0.76825E+02  -0.51859E+03   0.51734E+00  -0.12577E+01
46150  -0.44176E+03   0.75568E+02  -0.51733E+03   0.50887E+00  -0.11323E+01
46200  -0.44177E+03   0.77717E+02  -0.51948E+03   0.52335E+00  -0.11054E+01
46250  -0.44176E+03   0.71204E+02  -0.51297E+03   0.47948E+00  -0.80689E+00
46300  -0.44176E+03   0.77249E+02  -0.51901E+03   0.52019E+00  -0.99010E+00
46350  -0.44176E+03   0.76532E+02  -0.51830E+03   0.51537E+00  -0.94120E+00
46400  -0.44176E+03   0.71550E+02  -0.51331E+03   0.48182E+00  -0.74007E+00
46450  -0.44176E+03   0.79787E+02  -0.52155E+03   0.53729E+00  -0.10797E+01
46500  -0.44176E+03   0.79448E+02  -0.52121E+03   0.53500E+00  -0.11300E+01
46550  -0.44176E+03   0.70893E+02  -0.51266E+03   0.47739E+00  -0.78989E+00
46600  -0.44176E+03   0.76639E+02  -0.51840E+03   0.51609E+00  -0.97087E+00
46650  -0.44177E+03   0.83531E+02  -0.52530E+03   0.56250E+00  -0.12409E+01
46700  -0.44176E+03   0.79777E+02  -0.52154E+03   0.53722E+00  -0.11240E+01
46750  -0.44177E+03   0.83341E+02  -0.52511E+03   0.56122E+00  -0.12734E+01
46800  -0.44177E+03   0.77791E+02  -0.51956E+03   0.52384E+00  -0.10718E+01
46850  -0.44176E+03   0.73742E+02  -0.51551E+03   0.49658E+00  -0.93789E+00
46900  -0.44177E+03   0.76558E+02  -0.51832E+03   0.51554E+00  -0.10498E+01
46950  -0.44176E+03   0.71106E+02  -0.51287E+03   0.47883E+00  -0.82154E+00
47000  -0.44177E+03   0.77070E+02  -0.51884E+03   0.51899E+00  -0.10012E+01
47050  -0.44176E+03   0.75840E+02  -0.51760E+03   0.51071E+00  -0.96421E+00
47100  -0.44176E+03   0.78354E+02  -0.52012E+03   0.52764E+00  -0.10632E+01
47150  -0.44176E+03   0.73623E+02  -0.51539E+03   0.49578E+00  -0.91323E+00
47200  -0.44176E+03   0.75612E+02  -0.51738E+03   0.50917E+00  -0.10598E+01
47250  -0.44177E+03   0.81143E+02  -0.52291E+03   0.54642E+00  -0.13157E+01
47300  -0.44177E+03   0.78091E+02  -0.51986E+03   0.52587E+00  -0.11810E+01
47350  -0.44176E+03   0.73587E+02  -0.51535E+03   0.49554E+00  -0.10153E+01
47400  -0.44177E+03   0.75320E+02  -0.51709E+03   0.50720E+00  -0.10917E+01
47450  -0.44176E+03   0.72818E+02  -0.51458E+03   0.49036E+00  -0.97128E+00
47500  -0.44176E+03   0.72733E+02  -0.51450E+03   0.48978E+00  -0.97597E+00
47550  -0.44176E+03   0.72896E+02  -0.51466E+03   0.49088E+00  -0.98507E+00
47600  -0.44177E+03   0.76131E+02  -0.51790E+03   0.51267E+00  -0.10798E+01
47650  -0.44177E+03   0.71195E+02  -0.51296E+03   0.47943E+00  -0.86119E+00
47700  -0.44177E+03   0.75791E+02  -0.51756E+03   0.51038E+00  -0.10147E+01
47750  -0.44176E+03   0.76093E+02  -0.51786E+03   0.51241E+00  -0.10684E+01
47800  -0.44177E+03   0.80735E+02  -0.52250E+03   0.54367E+00  -0.12854E+01
47850  -0.44177E+03   0.74918E+02  -0.51668E+03   0.50450E+00  -0.10970E+01
47900  -0.44177E+03   0.75653E+02  -0.51742E+03   0.50945E+00  -0.11864E+01
47950  -0.44177E+03   0.78456E+02  -0.52022E+03   0.52832E+00  -0.13849E+01
48000  -0.44177E+03   0.75960E+02  -0.51773E+03   0.51152E+00  -0.13178E+01
48050  -0.44177E+03   0.81804E+02  -0.52357E+03   0.55087E+00  -0.14785E+01
48100  -0.44177E+03   0.77811E+02  -0.51958E+03   0.52398E+00  -0.13034E+01
48150  -0.44177E+03   0.76782E+02  -0.51855E+03   0.51705E+00  -0.12540E+01
48200  -0.44177E+03   0.75378E+02  -0.51714E+03   0.50760E+00  -0.11810E+01
48250  -0.44177E+03   0.73984E+02  -0.51575E+03   0.49821E+00  -0.10734E+01
48300  -0.44177E+03   0.74947E+02  -0.51671E+03   0.50469E+00  -0.10774E+01
48350  -0.44177E+03   0.73187E+02  -0.51495E+03   0.49284E+00  -0.10587E+01
48400  -0.44177E+03   0.78484E+02  -0.52025E+03   0.52851E+00  -0.12820E+01
48450  -0.44177E+03   0.79896E+02  -0.52166E+03   0.53802E+00  -0.13539E+01
48500  -0.44177E+03   0.78840E+02  -0.52061E+03   0.53091E+00  -0.12925E+01
48550  -0.44177E+03   0.73510E+02  -0.51527E+03   0.49501E+00  -0.10306E+01
48600  -0.44177E+03   0.75549E+02  -0.51731E+03   0.50875E+00  -0.10354E+01
48650  -0.44177E+03   0.71084E+02  -0.51285E+03   0.47868E+00  -0.80255E+00
48700  -0.44177E+03   0.67420E+02  -0.50919E+03   0.45400E+00  -0.64556E+00
48750  -0.44177E+03   0.75872E+02  -0.51764E+03   0.51093E+00  -0.96067E+00
48800  -0.44177E+03   0.73902E+02  -0.51567E+03   0.49766E+00  -0.88851E+00
48850  -0.44177E+03   0.78801E+02  -0.52057E+03   0.53065E+00  -0.10228E+01
48900  -0.44177E+03   0.76401E+02  -0.51817E+03   0.51448E+00  -0.89612E+00
48950  -0.44177E+03   0.73316E+02  -0.51508E+03   0.49371E+00  -0.80061E+00
49000  -0.44177E+03   0.72642E+02  -0.51441E+03   0.48917E+00  -0.79996E+00
49050  -0.44177E+03   0.74473E+02  -0.51624E+03   0.50150E+00  -0.86397E+00
49100  -0.44177E+03   0.76029E+02  -0.51779E+03   0.51198E+00  -0.94388E+00
49150  -0.44177E+03   0.81983E+02  -0.52375E+03   0.55207E+00  -0.12010E+01
49200  -0.44177E+03   0.71405E+02  -0.51317E+03   0.48084E+00  -0.85003E+00
49250  -0.44177E+03   0.79006E+02  -0.52077E+03   0.53203E+00  -0.11576E+01
49300  -0.44177E+03   0.79793E+02  -0.52156E+03   0.53733E+00  -0.12026E+01
49350  -0.44177E+03   0.73017E+02  -0.51478E+03   0.49170E+00  -0.95780E+00
49400  -0.44177E+03   0.70925E+02  -0.51269E+03   0.47761E+00  -0.91556E+00
49450  -0.44177E+03   0.73890E+02  -0.51566E+03   0.49757E+00  -0.10765E+01
49500  -0.44177E+03   0.78121E+02  -0.51989E+03   0.52607E+00  -0.13284E+01
49550  -0.44177E+03   0.80636E+02  -0.52240E+03   0.54300E+00  -0.15283E+01
49600  -0.44177E+03   0.74221E+02  -0.51599E+03   0.49980E+00  -0.13091E+01
49650  -0.44177E+03   0.65682E+02  -0.50745E+03   0.44230E+00  -0.91846E+00
49700  -0.44177E+03   0.73880E+02  -0.51565E+03   0.49751E+00  -0.11556E+01
49750  -0.44177E+03   0.74516E+02  -0.51628E+03   0.50179E+00  -0.11275E+01
49800  -0.44177E+03   0.70361E+02  -0.51213E+03   0.47381E+00  -0.97109E+00
49850  -0.44177E+03   0.81227E+02  -0.52299E+03   0.54699E+00  -0.14045E+01
49900  -0.44177E+03   0.75936E+02  -0.51770E+03   0.51135E+00  -0.12198E+01
49950  -0.44177E+03   0.78697E+02  -0.52046E+03   0.52995E+00  -0.12503E+01
50000  -0.44177E+03   0.78863E+02  -0.52063E+03   0.53106E+00  -0.12031E+01

 Momentum X-Dir.        :    6.1020521968657704E-011
 Momentum Y-Dir.        :   -6.8981720335870023E-010
 Momentum Z-Dir.        :   -3.9063108303594163E-010


 Average Temperature     :   0.51302069535792749     
 Average Pressure        :   -1.0459759554619341     
 Average KineticEnergy   :    76.183573260653731     
 Average PotentialEnergy :   -517.94781975223418     
 Average TotalEnergy     :   -441.76424649157974     
 Average deltaU        :   -2.0372563121718562E-004
10.0u 0.5s 0:20.00 52.7% 0+0k 728+0io 5pf+0w